0.0 
0.03 
0.059399999999999994 
0.088212 
0.11644776 
0.1441188048 
0.171236428704 
0.19781170012992 
0.2238554661273216 
0.24937835680477516 
0.27439078966867964 
0.29890297387530607 
0.32292491439779997 
0.34646641610984397 
0.3695370877876471 
0.39214634603189413 
0.41430341911125623 
0.4360173507290311 
0.4572970037144505 
0.47815106364016147 
0.4985880423673582 
0.518616281520011 
0.5381506049589372 
0.557195795984151 
0.5757569719311358 
0.5938395588343985 
0.6114492669729376 
0.628592067300618 
0.6452741687614801 
0.6615019964872824 
0.6772821708720943 
0.6926214875164878 
0.7075268980318263 
0.7220054916933034 
0.7360644779287258 
0.749711169628565 
0.7629529672614989 
0.7757973437785238 
0.7882518302877317 
0.800324002480999 
0.8120214677931208 
0.8233518532733349 
0.8343227941487049 
0.8449423903673179 
0.8552187524734027 
0.8651599884683578 
0.8747741913437513 
0.8840694272884925 
0.8930537245691034 
0.9017350630790373 
0.9101213645502804 
0.9182204834180366 
0.9260401983271173 
0.933588204266724 
0.9408721053186255 
0.9478994080022587 
0.9546775151990319 
0.9612137206370577 
0.9675152039166743 
0.9735890260564297 
0.9794421255386707 
0.9850813148335074 
0.9905132773796786 
0.9957445650007363 
1.0007815929430397 
1.0056306379716884 
1.0102978368653486 
1.0147891852884803 
1.0191105370195714 
1.0232676035141823 
1.0272659537818891 
1.0311110145565792 
1.0348080707399847 
1.0383622660988336 
1.0417786041965438 
1.0450619495409752 
1.0482170289303823 
1.0512484329803633 
1.0541606178152825 
1.056957906908338 
1.059644493055154 
1.0622244404664913 
1.0647016869663835 
1.0670800462827232 
1.0693632104180282 
1.0715547521067266 
1.073658127330696 
1.0756766778826314 
1.0776136339674849 
1.0794721168328618 
1.081255141419893 
1.0829656190267014 
1.0846063599771802 
1.086180076288355 
1.0876893843301507 
1.0891368074719066 
1.090524778710468 
1.0918556432751694 
1.0931316612054633 
1.0943550098973753 
1.0955277866153732 
1.0966520109666105 
1.0977296273348656 
1.09876250727183 
1.0997524518437132 
1.1007011939314268 
1.1016104004827576 
1.1024816747153205 
1.1033165582693085 
1.1041165333092837 
1.1048830245744488 
1.1056174013770277 
1.1063209795485534 
1.1069950233340151 
1.1076407472339602 
1.1082593177947737 
1.1088518553474742 
1.1094194356954719 
1.1099630917518228 
1.1104838151266059 
1.1109825576651113 
1.1114602329376062 
1.1119177176814914 
1.1123558531967164 
1.1127754466953605 
1.1131772726063252 
1.113562073836108 
1.1139305629866598 
1.114283423531338 
1.1146213109499883 
1.114944853824196 
1.11525465489375 
1.1155512920753714 
1.115835319444751 
1.116107268182942 
1.1163676474881428 
1.1166169454538997 
1.1168556299147478 
1.117084149260293 
1.1173029332187276 
1.1175123936107558 
1.1177129250748838 
1.1179049057650194 
1.1180886980212998 
1.1182646490150514 
1.1184330913687623 
1.118594343751932 
1.1187487114536347 
1.1188964869326212 
1.11903795034575 
1.119173370055532 
1.1193030031175384 
1.1194270957484074 
1.1195458837751613 
1.1196595930665263 
1.1197684399469219 
1.1198726315937733 
1.1199723664187717 
1.1200678344336938 
1.1201592176013668 
1.1202466901723516 
1.1203304190078904 
1.1204105638896547 
1.1204872778168025 
1.1205607072908448 
1.120630992588796 
1.1206982680250717 
1.1207626622025777 
1.1208242982534193 
1.120883294069644 
1.1209397625244162 
1.1209938116840057 
1.121045545010961 
1.121095061558822 
1.1211424561587124 
1.1211878195981446 
1.1212312387923482 
1.121272796948432 
1.1213125737226672 
1.121350645371177 
1.1213870848942988 
1.1214219621748838 
1.121455344110778 
1.1214872947417291 
1.1215178753709467 
1.1215471446815377 
1.1215751588480294 
1.1216019716431833 
1.121627634540297 
1.1216521968111794 
1.1216757056199829 
1.1216982061130607 
1.1217197415050206 
1.1217403531611299 
1.121760080676226 
1.1217789619502807 
1.1217970332607545 
1.1218143293318803 
1.121830883401002 
1.1218467272820942 
1.1218618914265803 
1.1218764049815635 
1.1218902958455794 
1.1219035907219757 
1.121916315170017 
1.1219284936538159 
1.1219401495891739 
1.1219513053884296 
1.121961982503393 
1.1219722014664486 
1.1219819819299042 
1.1219913427036612 
1.1220003017912774 
1.1220088764244887 
1.1220170830962568 
1.1220249375924067 
1.12203245502191 
1.1220396498458767 
1.1220465359053053 
1.1220531264476492 
1.1220594341522445 
1.1220654711546532 
1.1220712490699625 
1.1220767790150896 
1.1220820716301312 
1.1220871370987988 
1.1220919851679814 
1.1220966251664686 
1.1221010660228743 
1.1221053162827916 
1.1221093841252137 
1.1221132773782516 
1.1221170035341792 
1.1221205697638328 
1.122123982930395 
1.1221272496025876 
1.1221303760672994 
1.1221333683416728 
1.1221362321846726 
1.1221389731081592 
1.1221415963874874 
1.1221441070716502 
1.1221465099929886 
1.122148809776485 
1.1221510108486574 
1.1221531174460748 
1.122155133623504 
1.1221570632617097 
1.1221589100749194 
1.1221606776179682 
1.122162369293137 
1.1221639883566983 
1.1221655379251796 
1.1221670209813606 
1.1221684403800107 
1.1221697988533825 
1.1221710990164682 
1.1221723433720316 
1.1221735343154235 
1.1221746741391907 
1.1221757650374877 
1.1221768091102988 
1.1221778083674794 
1.122178764732623 
1.1221796800467634 
1.1221805560719182 
1.122181394494479 
1.1221821969284569 
1.1221829649185888 
1.122183699943311 
1.1221844034176034 
1.122185076695714 
1.1221857210737642 
1.1221863377922447 
1.122186928038402 
1.1221874929485238 
1.1221880336101264 
1.1221885510640475 
1.1221890463064497 
1.1221895202907382 
1.1221899739293955 
1.122190408095738 
1.1221908236255969 
1.1221912213189273 
1.122191601941348 
1.1221919662256148 
1.1221923148730315 
1.1221926485547997 
1.1221929679133107 
1.122193273563382 
1.1221935660934412 
1.1221938460666585 
1.1221941140220306 
1.1221943704754187 
1.122194615920541 
1.1221948508299235 
1.1221950756558097 
1.1221952908310304 
1.1221954967698384 
1.1221956938687045 
1.1221958825070812 
1.1221960630481338 
1.1221962358394386 
1.1221964012136527 
1.1221965594891536 
1.1221967109706534 
1.122196855949784 
1.1221969947056591 
1.1221971275054121 
1.1221972546047094 
1.1221973762482431 
1.1221974926702019 
1.1221976040947221 
1.1221977107363195 
1.122197812800301 
1.1221979104831612 
1.1221980039729602 
1.1221980934496856 
1.122198179085599 
1.122198261045568 
1.122198339487383 
1.1221984145620612 
1.1221984864141374 
1.1221985551819427 
1.1221986209978698 
1.1221986839886287 
1.1221987442754904 
1.1221988019745202 
1.1221988571968011 
1.1221989100486485 
1.1221989606318135 
1.12219900904368 
1.1221990553774515 
1.1221990997223308 
1.1221991421636917 
1.122199182783243 
1.1221992216591865 
1.1221992588663672 
1.122199294476417 
1.122199328557893 
1.12219936117641 
1.122199392394766 
1.1221994222730631 
1.122199450868824 
1.1221994782371016 
1.1221995044305864 
1.1221995294997065 
1.1221995534927256 
1.122199576455836 
1.1221995984332462 
1.1221996194672683 
1.1221996395983975 
1.1221996588653906 
1.122199677305341 
1.1221996949537498 
1.122199711844594 
1.1221997280103926 
1.1221997434822681 
1.1221997582900078 
1.1221997724621198 
1.1221997860258885 
1.1221997990074275 
1.1221998114317289 
1.1221998233227126 
1.1221998347032713 
1.1221998455953153 
1.122199856019814 
1.1221998659968373 
1.122199875545593 
1.122199884684465 
1.1221998934310473 
1.122199901802179 
1.122199909813977 
1.1221999174818653 
1.1221999248206067 
1.1221999318443296 
1.1221999385665566 
1.1221999450002296 
1.1221999511577345 
1.1221999570509262 
1.1221999626911505 
1.1221999680892658 
1.122199973255665 
1.1221999782002945 
1.1221999829326739 
1.122199987461914 
1.1221999917967347 
1.1221999959454816 
1.1221999999161418 
1.12220000371636 
1.1222000073534524 
1.1222000108344212 
1.122200014165968 
1.122200017354507 
1.1222000204061766 
1.122200023326852 
1.1222000261221565 
1.1222000287974714 
1.1222000313579472 
1.1222000338085136 
1.1222000361538886 
1.1222000383985875 
1.1222000405469317 
1.1222000426030574 
1.122200044570923 
1.1222000464543174 
1.1222000482568664 
1.1222000499820401 
1.12220005163316 
1.122200053213405 
1.1222000547258175 
1.122200056173309 
1.1222000575586664 
1.1222000588845567 
1.1222000601535327 
1.1222000613680374 
1.122200062530409 
1.1222000636428853 
1.1222000647076082 
1.1222000657266276 
1.122200066701905 
1.1222000676353183 
1.1222000685286644 
1.1222000693836633 
1.122200070201961 
1.122200070985133 
1.122200071734687 
1.122200072452066 
1.1222000731386512 
1.1222000737957647 
1.1222000744246712 
1.1222000750265817 
1.122200075602655 
1.1222000761539999 
1.1222000766816782 
1.1222000771867058 
1.122200077670055 
1.122200078132656 
1.1222000785753998 
1.1222000789991387 
1.1222000794046882 
1.1222000797928295 
1.1222000801643097 
1.122200080519844 
1.1222000808601167 
1.122200081185783 
1.1222000814974702 
1.122200081795778 
1.1222000820812807 
1.1222000823545282 
1.1222000826160463 
1.1222000828663388 
1.1222000831058874 
1.1222000833351533 
1.1222000835545778 
1.1222000837645834 
1.1222000839655744 
1.1222000841579378 
1.122200084342044 
1.1222000845182474 
1.1222000846868871 
1.122200084848288 
1.1222000850027607 
1.1222000851506024 
1.1222000852920981 
1.12220008542752 
1.1222000855571288 
1.1222000856811742 
1.1222000857998948 
1.1222000859135193 
1.1222000860222665 
1.1222000861263457 
1.1222000862259571 
1.1222000863212929 
1.122200086412536 
1.1222000864998627 
1.1222000865834407 
1.1222000866634312 
1.1222000867399882 
1.122200086813259 
1.1222000868833844 
1.1222000869504998 
1.1222000870147342 
1.1222000870762112 
1.1222000871350493 
1.1222000871913618 
1.122200087245257 
1.122200087296839 
1.1222000873462066 
1.122200087393455 
1.1222000874386753 
1.1222000874819544 
1.122200087523376 
1.1222000875630194 
1.122200087600961 
1.122200087637274 
1.1222000876720282 
1.1222000877052907 
1.1222000877371254 
1.1222000877675935 
1.1222000877967537 
1.1222000878246623 
1.122200087851373 
1.122200087876937 
1.1222000879014036 
1.12220008792482 
1.1222000879472311 
1.1222000879686804 
1.122200087989209 
1.1222000880088563 
1.1222000880276604 
1.122200088045657 
1.1222000880628813 
1.1222000880793663 
1.1222000880951437 
1.1222000881102439 
1.1222000881246958 
1.1222000881385275 
1.1222000881517653 
1.122200088164435 
1.1222000881765606 
1.1222000881881657 
1.1222000881992729 
1.1222000882099032 
1.1222000882200773 
1.1222000882298147 
1.1222000882391339 
1.1222000882480532 
1.1222000882565895 
1.1222000882647594 
1.1222000882725787 
1.1222000882800622 
1.1222000882872245 
1.1222000882940795 
1.1222000883006402 
1.1222000883069192 
1.1222000883129288 
1.1222000883186805 
1.1222000883241852 
1.1222000883294536 
1.1222000883344958 
1.1222000883393215 
1.1222000883439402 
1.1222000883483607 
1.1222000883525913 
1.1222000883566403 
1.1222000883605154 
1.1222000883642242 
1.1222000883677739 
1.1222000883711711 
1.1222000883744225 
1.1222000883775345 
1.1222000883805128 
1.1222000883833632 
1.1222000883860912 
1.1222000883887022 
1.1222000883912011 
1.1222000883935928 
1.1222000883958818 
1.1222000883980725 
1.1222000884001693 
1.1222000884021759 
1.1222000884040966 
1.1222000884059347 
1.122200088407694 
1.1222000884093777 
1.122200088410989 
1.1222000884125314 
1.1222000884140075 
1.1222000884154202 
1.1222000884167722 
1.1222000884180663 
1.1222000884193049 
1.1222000884204901 
1.1222000884216246 
1.1222000884227104 
1.1222000884237495 
1.122200088424744 
1.122200088425696 
1.122200088426607 
1.122200088427479 
1.1222000884283134 
1.1222000884291121 
1.1222000884298764 
1.122200088430608 
1.1222000884313081 
1.1222000884319783 
1.1222000884326195 
1.1222000884332333 
1.1222000884338208 
1.122200088434383 
1.122200088434921 
1.122200088435436 
1.1222000884359289 
1.1222000884364007 
1.1222000884368522 
1.1222000884372842 
1.1222000884376977 
1.1222000884380936 
1.1222000884384724 
1.122200088438835 
1.122200088439182 
1.1222000884395142 
1.122200088439832 
1.1222000884401362 
1.1222000884404273 
1.122200088440706 
1.1222000884409726 
1.1222000884412278 
1.122200088441472 
1.1222000884417058 
1.1222000884419296 
1.1222000884421437 
1.1222000884423486 
1.1222000884425447 
1.1222000884427326 
1.1222000884429122 
1.122200088443084 
1.1222000884432486 
1.122200088443406 
1.1222000884435568 
1.1222000884437011 
1.1222000884438392 
1.1222000884439713 
1.122200088444098 
1.122200088444219 
1.1222000884443348 
1.1222000884444456 
1.1222000884445518 
1.1222000884446535 
1.1222000884447507 
1.1222000884448438 
1.1222000884449328 
1.122200088445018 
1.1222000884450996 
1.1222000884451777 
1.1222000884452525 
1.122200088445324 
1.1222000884453924 
1.122200088445458 
1.1222000884455205 
1.1222000884455805 
1.122200088445638 
1.122200088445693 
1.1222000884457457 
1.122200088445796 
1.1222000884458443 
1.1222000884458905 
1.1222000884459347 
1.1222000884459769 
1.1222000884460173 
1.122200088446056 
1.122200088446093 
1.1222000884461285 
1.1222000884461625 
1.122200088446195 
1.122200088446226 
1.1222000884462557 
1.1222000884462842 
1.1222000884463115 
1.1222000884463375 
1.1222000884463623 
1.1222000884463863 
1.1222000884464092 
1.122200088446431 
1.1222000884464518 
1.1222000884464718 
1.1222000884464909 
1.1222000884465093 
1.1222000884465269 
1.1222000884465437 
1.1222000884465597 
1.122200088446575 
1.1222000884465897 
1.122200088446604 
1.1222000884466174 
1.1222000884466303 
1.1222000884466428 
1.1222000884466545 
1.1222000884466659 
1.1222000884466767 
1.1222000884466872 
1.1222000884466972 
1.1222000884467067 
1.1222000884467158 
1.1222000884467245 
1.122200088446733 
1.122200088446741 
1.1222000884467485 
1.1222000884467558 
1.1222000884467627 
1.1222000884467693 
1.1222000884467758 
1.122200088446782 
1.1222000884467878 
1.1222000884467933 
1.1222000884467986 
1.1222000884468037 
1.1222000884468086 
1.1222000884468133 
1.1222000884468177 
1.122200088446822 
1.1222000884468262 
1.1222000884468302 
1.122200088446834 
1.1222000884468375 
1.122200088446841 
1.1222000884468444 
1.1222000884468475 
1.1222000884468506 
1.1222000884468535 
1.1222000884468564 
1.122200088446859 
1.1222000884468615 
1.122200088446864 
1.1222000884468664 
1.1222000884468686 
1.1222000884468708 
1.1222000884468728 
1.1222000884468748 
1.1222000884468766 
1.1222000884468784 
1.1222000884468801 
1.1222000884468817 
1.1222000884468832 
1.1222000884468848 
1.1222000884468863 
1.1222000884468877 
1.122200088446889 
1.1222000884468903 
1.1222000884468915 
1.1222000884468926 
1.1222000884468937 
1.1222000884468948 
1.122200088446896 
1.1222000884468968 
1.1222000884468977 
1.1222000884468986 
1.1222000884468994 
1.1222000884469003 
1.1222000884469012 
1.1222000884469019 
1.1222000884469026 
1.1222000884469032 
1.1222000884469039 
1.1222000884469046 
1.1222000884469052 
1.1222000884469059 
1.1222000884469063 
1.1222000884469068 
1.1222000884469072 
1.1222000884469077 
1.122200088446908 
1.1222000884469086 
1.122200088446909 
1.1222000884469094 
1.1222000884469099 
1.1222000884469103 
1.1222000884469108 
1.1222000884469112 
1.1222000884469114 
1.1222000884469117 
1.1222000884469119 
1.122200088446912 
1.1222000884469123 
1.1222000884469125 
1.1222000884469128 
1.122200088446913 
1.1222000884469132 
1.1222000884469134 
1.1222000884469137 
1.1222000884469139 
1.122200088446914 
1.1222000884469143 
1.1222000884469145 
1.1222000884469148 
1.122200088446915 
1.1222000884469152 
1.1222000884469154 
1.1222000884469157 
1.1222000884469159 
1.122200088446916 
1.122200088446916 
1.122200088446916 
1.122200088446916 
1.122200088446916 
1.122200088446916 
1.122200088446916 
1.122200088446916 
1.122200088446916 
1.122200088446916 
1.122200088446916 
1.122200088446916 
1.122200088446916 
1.122200088446916 
1.122200088446916 
1.122200088446916 
1.122200088446916 
1.122200088446916 
1.122200088446916 
1.122200088446916 
1.122200088446916 
1.122200088446916 
1.122200088446916 
1.122200088446916 
1.122200088446916 
1.122200088446916 
1.122200088446916 
1.122200088446916 
1.122200088446916 
1.122200088446916 
1.122200088446916 
1.122200088446916 
1.122200088446916 
1.122200088446916 
1.122200088446916 
1.122200088446916 
1.122200088446916 
1.122200088446916 
1.122200088446916 
1.122200088446916 
1.122200088446916 
1.122200088446916 
1.122200088446916 
1.122200088446916 
1.122200088446916 
1.122200088446916 
1.122200088446916 
1.122200088446916 
1.122200088446916 
1.122200088446916 
1.122200088446916 
1.122200088446916 
1.122200088446916 
1.122200088446916 
1.122200088446916 
1.122200088446916 
1.122200088446916 
1.122200088446916 
1.122200088446916 
1.122200088446916 
1.122200088446916 
1.122200088446916 
1.122200088446916 
1.122200088446916 
1.122200088446916 
1.122200088446916 
1.122200088446916 
1.122200088446916 
1.122200088446916 
1.122200088446916 
1.122200088446916 
1.122200088446916 
1.122200088446916 
1.122200088446916 
1.122200088446916 
1.122200088446916 
1.122200088446916 
1.122200088446916 
1.122200088446916 
1.122200088446916 
1.122200088446916 
1.122200088446916 
1.122200088446916 
1.122200088446916 
1.122200088446916 
1.122200088446916 
1.122200088446916 
1.122200088446916 
1.122200088446916 
1.122200088446916 
1.122200088446916 
1.122200088446916 
1.122200088446916 
1.122200088446916 
1.122200088446916 
1.122200088446916 
1.122200088446916 
1.122200088446916 
1.122200088446916 
1.122200088446916 
1.122200088446916 
1.122200088446916 
1.122200088446916 
1.122200088446916 
1.122200088446916 
1.122200088446916 
1.122200088446916 
1.122200088446916 
1.122200088446916 
1.122200088446916 
1.122200088446916 
1.122200088446916 
1.122200088446916 
1.122200088446916 
1.122200088446916 
1.122200088446916 
1.122200088446916 
1.122200088446916 
1.122200088446916 
1.122200088446916 
1.122200088446916 
1.122200088446916 
1.122200088446916 
1.122200088446916 
1.122200088446916 
1.122200088446916 
1.122200088446916 
1.122200088446916 
1.122200088446916 
1.122200088446916 
1.122200088446916 
1.122200088446916 
1.122200088446916 
1.122200088446916 
1.122200088446916 
1.122200088446916 
1.122200088446916 
1.122200088446916 
1.122200088446916 
1.122200088446916 
1.122200088446916 
1.122200088446916 
1.122200088446916 
1.122200088446916 
1.122200088446916 
1.122200088446916 
1.122200088446916 
1.122200088446916 
1.122200088446916 
1.122200088446916 
1.122200088446916 
1.122200088446916 
1.122200088446916 
1.122200088446916 
1.122200088446916 
1.122200088446916 
1.122200088446916 
1.122200088446916 
1.122200088446916 
1.122200088446916 
1.122200088446916 
1.122200088446916 
1.122200088446916 
1.122200088446916 
1.122200088446916 
1.122200088446916 
1.122200088446916 
1.122200088446916 
1.122200088446916 
1.122200088446916 
1.122200088446916 
1.122200088446916 
1.122200088446916 
1.122200088446916 
1.122200088446916 
1.122200088446916 
1.122200088446916 
1.122200088446916 
1.122200088446916 
1.122200088446916 
1.122200088446916 
1.122200088446916 
1.122200088446916 
1.122200088446916 
1.122200088446916 
1.122200088446916 
1.122200088446916 
1.122200088446916 
1.122200088446916 
1.122200088446916 
1.122200088446916 
1.122200088446916 
1.122200088446916 
1.122200088446916 
1.122200088446916 
1.122200088446916 
1.122200088446916 
1.122200088446916 
1.122200088446916 
1.122200088446916 
1.122200088446916 
1.122200088446916 
1.122200088446916 
1.122200088446916 
1.122200088446916 
1.122200088446916 
1.122200088446916 
1.122200088446916 
1.122200088446916 
1.122200088446916 
1.122200088446916 
1.122200088446916 
1.122200088446916 
1.122200088446916 
1.122200088446916 
1.122200088446916 
1.122200088446916 
1.122200088446916 
1.122200088446916 
1.122200088446916 
