0.0 
0.0125 
0.024875 
0.03712625 
0.0492549875 
0.061262437625 
0.07314981324875 
0.0849183151162625 
0.09656913196509986 
0.10810344064544887 
0.11952240623899438 
0.13082718217660444 
0.1420189103548384 
0.15309872125129 
0.1640677340387771 
0.17492705669838934 
0.18567778613140545 
0.1963210082700914 
0.2068577981873905 
0.2172892202055166 
0.22761632800346143 
0.2378401647234268 
0.24796176307619255 
0.25798214544543063 
0.26790232399097635 
0.2777233007510666 
0.2874460677435559 
0.29707160706612035 
0.3066008909954591 
0.3160348820855045 
0.3253745332646495 
0.334620787932003 
0.34377458005268297 
0.3528368342521561 
0.36180846590963456 
0.3706903812505382 
0.37948347743803285 
0.3881886426636525 
0.39680675623701595 
0.4053386886746458 
0.41378530178789935 
0.42214744877002036 
0.43042597428232016 
0.43862171453949694 
0.44673549739410195 
0.45476814242016095 
0.4627204609959593 
0.47059325638599975 
0.4783873238221398 
0.48610345058391835 
0.49374241607807917 
0.5013049919172984 
0.5087919419981254 
0.5162040225781441 
0.5235419823523627 
0.5308065625288391 
0.5379984969035507 
0.5451185119345152 
0.5521673268151701 
0.5591456535470184 
0.5660541970115482 
0.5728936550414327 
0.5796647184910184 
0.5863680713061082 
0.5930043905930471 
0.5995743466871166 
0.6060786032202454 
0.612517817188043 
0.6188926390161625 
0.6252037126260009 
0.6314516754997409 
0.6376371587447435 
0.643760787157296 
0.6498231792857231 
0.6558249474928659 
0.6617666980179372 
0.6676490310377579 
0.6734725407273803 
0.6792378153201065 
0.6849454371669055 
0.6905959827952364 
0.696190022967284 
0.7017281227376112 
0.707210841510235 
0.7126387330951327 
0.7180123457641814 
0.7233322223065396 
0.7285989000834742 
0.7338129110826395 
0.7389747819718131 
0.7440850341520949 
0.749144183810574 
0.7541527419724683 
0.7591112145527436 
0.7640201024072161 
0.7688799013831439 
0.7736911023693125 
0.7784541913456193 
0.7831696494321632 
0.7878379529378415 
0.7924595734084631 
0.7970349776743785 
0.8015646278976347 
0.8060489816186583 
0.8104884918024717 
0.814883606884447 
0.8192347708156026 
0.8235424231074465 
0.8278069988763721 
0.8320289288876084 
0.8362086395987323 
0.840346553202745 
0.8444430876707175 
0.8484986567940104 
0.8525136702260703 
0.8564885335238096 
0.8604236481885715 
0.8643194117066858 
0.8681762175896189 
0.8719944554137228 
0.8757745108595856 
0.8795167657509897 
0.8832215980934798 
0.886889382112545 
0.8905204882914195 
0.8941152834085053 
0.8976741305744202 
0.9011973892686761 
0.9046854153759893 
0.9081385612222295 
0.9115571756100072 
0.9149416038539071 
0.918292187815368 
0.9216092659372144 
0.9248931732778423 
0.9281442415450638 
0.9313627991296132 
0.934549171138317 
0.9377036794269339 
0.9408266426326646 
0.9439183762063379 
0.9469791924442745 
0.9500094005198317 
0.9530093065146334 
0.9559792134494871 
0.9589194213149922 
0.9618302271018423 
0.9647119248308239 
0.9675648055825157 
0.9703891575266905 
0.9731852659514236 
0.9759534132919094 
0.9786938791589903 
0.9814069403674004 
0.9840928709637264 
0.9867519422540891 
0.9893844228315483 
0.9919905786032328 
0.9945706728172005 
0.9971249660890285 
0.9996537164281382 
1.0021571792638568 
1.0046356074712182 
1.007089251396506 
1.009518358882541 
1.0119231752937154 
1.0143039435407784 
1.0166609041053705 
1.0189942950643167 
1.0213043521136735 
1.0235913085925368 
1.0258553955066114 
1.0280968415515452 
1.0303158731360298 
1.0325127144046695 
1.034687587260623 
1.0368407113880167 
1.0389723042741366 
1.0410825812313953 
1.0431717554190814 
1.0452400378648905 
1.0472876374862417 
1.0493147611113793 
1.0513216135002657 
1.053308397365263 
1.0552753133916104 
1.0572225602576943 
1.0591503346551174 
1.0610588313085663 
1.0629482429954806 
1.064818760565526 
1.0666705729598707 
1.068503867230272 
1.0703188285579692 
1.0721156402723895 
1.0738944838696656 
1.075655539030969 
1.0773989836406592 
1.0791249938042526 
1.0808337438662101 
1.082525406427548 
1.0842001523632725 
1.0858581508396399 
1.0874995693312435 
1.0891245736379311 
1.0907333279015519 
1.0923259946225363 
1.093902734676311 
1.095463707329548 
1.0970090702562525 
1.09853897955369 
1.1000535897581531 
1.1015530538605716 
1.1030375233219658 
1.1043761623828516 
1.10557142286715 
1.1066257742886154 
1.1075417015782716 
1.1083217028705936 
1.1089682873488347 
1.1094839731497956 
1.109871285328243 
1.1101327538810937 
1.1102709118313911 
1.1102882933720255 
1.1101874320690632 
1.109970859124482 
1.1096411016980336 
1.1092006812878932 
1.1086521121696828 
1.1079978998934077 
1.1072405398377756 
1.1063825158213256 
1.1054262987697367 
1.1043743454386439 
1.1032290971912422 
1.1019929788299232 
1.1006683974811464 
1.099257741532717 
1.0977633796226074 
1.0961876596784346 
1.0945329080066717 
1.0928014284306593 
1.0909955014764503 
1.0891173836055097 
1.0871693064932726 
1.0851534763525474 
1.0830720733007435 
1.0809272507698862 
1.0787211349583803 
1.0764558243234716 
1.0741333891133555 
1.0717558709378758 
1.0693252823767567 
1.0668436066243132 
1.0643127971695827 
1.0617347775108288 
1.0591114409033673 
1.0564446501396758 
1.0537362373607502 
1.050988003897683 
1.0482017201424454 
1.0453791254468632 
1.0425219280487952 
1.0396318050245232 
1.0367104022663842 
1.0337593344846845 
1.0307801852329497 
1.02777450695558 
1.0247438210569941 
1.0216896179913617 
1.0186133573720375 
1.0155164680998319 
1.012400348509262 
1.009266366531954 
1.0061158598763715 
1.002950136223079 
0.9997704734347496 
0.9965781197801583 
0.9933742941714127 
0.990160186413691 
0.9869369574667801 
0.9837057397177199 
0.9804676372638798 
0.9772237262058129 
0.9739750549492499 
0.9707226445156123 
0.9674674888604451 
0.9642105551991833 
0.9609527843396879 
0.9576950910210021 
0.9544383642577972 
0.9511834676899926 
0.9479312399370572 
0.9446824949565064 
0.9414380224061366 
0.9381985880095473 
0.9349649339245195 
0.9317377791138376 
0.9285178197181522 
0.9253057294305024 
0.9221021598721264 
0.9189077409692064 
0.9157230813302082 
0.9125487686234897 
0.9093853699548652 
0.9062334322448287 
0.9030934826051493 
0.8999660287145683 
0.8968515591933371 
0.8937505439763491 
0.8906634346846309 
0.8875906649949686 
0.8845326510074581 
0.8814897916107777 
0.8784624688449933 
0.8754510482617176 
0.8724558792814514 
0.869477295547951 
0.8665156152794693 
0.8635711416167315 
0.8606441629675133 
0.8577349533476994 
0.8548437727187084 
0.8519708673211768 
0.8491164700048062 
0.846280800554281 
0.8434640660111755 
0.8406664609917733 
0.8378881680007306 
0.8351293577405207 
0.8323901894166039 
0.8296708110382733 
0.8269713597151311 
0.824291961949159 
0.8216327339223481 
0.8189937817798623 
0.8163752019087104 
0.8137770812119116 
0.8111994973781387 
0.8086425191468315 
0.8061062065687753 
0.8035906112621436 
0.8010957766640082 
0.7986217382773233 
0.7961685239133939 
0.7937361539298416 
0.7913246414640848 
0.7889339926623516 
0.7865642069042503 
0.7842152770229182 
0.7818871895207805 
0.7795799247809466 
0.7772934572742753 
0.7750277557621453 
0.7727827834949645 
0.7705584984064575 
0.7683548533037704 
0.7661717960534339 
0.7640092697632271 
0.761867212959987 
0.7597455597634076 
0.7576442400558757 
0.7555631796483913 
0.7535023004426198 
0.7514615205891272 
0.7494407546418465 
0.7474399137088272 
0.74545890559932 
0.7434976349672472 
0.7415560034511124 
0.7396339098104032 
0.7377312500585382 
0.735847917592414 
0.7339838033186047 
0.732138795776269 
0.730312781256818 
0.7285056439203992 
0.7267172659092496 
0.7249475274579733 
0.723196307000797 
0.7214634812758577 
0.719748925426577 
0.7180525131001744 
0.7163741165433741 
0.7147136066953589 
0.7130708532780222 
0.711445724883573 
0.7098380890595439 
0.7082478123912558 
0.7066747605817892 
0.7051187985295144 
0.7035797904032295 
0.7020575997149577 
0.7005520893904531 
0.6990631218374628 
0.6975905590117956 
0.696134262481244 
0.6946940934874075 
0.6932699130054633 
0.691861581801931 
0.6904689604904782 
0.6890919095858089 
0.6877302895556824 
0.6863839608711045 
0.6850527840547352 
0.6837366197275544 
0.6824353286538284 
0.6811487717844183 
0.6798768102984707 
0.6786193056435299 
0.6773761195741134 
0.6761471141887861 
0.674932151965774 
0.6737310957971527 
0.6725438090216493 
0.6713701554560922 
0.670209999425545 
0.6690632057921595 
0.6679296399827814 
0.6668091680153426 
0.6657016565240728 
0.6646069727835626 
0.6635249847317107 
0.6624555609915844 
0.6613985708922252 
0.6603538844884292 
0.6593221943002685 
0.6583041584807017 
0.6573004015794816 
0.6563115153141592 
0.6553380593464853 
0.6543805620625945 
0.6534395213554511 
0.6525154054081117 
0.6516086534764529 
0.6507196766700893 
0.649848858730289 
0.6489965568037716 
0.6481631022113529 
0.64734880121047 
0.6465539357506965 
0.6457787642214241 
0.6450235221909555 
0.6442884231363175 
0.6435736591631652 
0.6428794017152064 
0.6422058022726348 
0.6415529930391124 
0.6409210876168953 
0.6403101816697443 
0.6397203535733114 
0.6391516650527341 
0.6386041618072164 
0.638077874121408 
0.6375728174634402 
0.6370889930695012 
0.6366263885148767 
0.6361849782714062 
0.6357647242513345 
0.6353655763375706 
0.6349874729003832 
0.6346303413005905 
0.6342940983793232 
0.6339786509344555 
0.6336838961838223 
0.6334097222153525 
0.6331560084242672 
0.6329226259375024 
0.6327094380255298 
0.6325163005017609 
0.6323430621097267 
0.632189564898237 
0.6320556445847298 
0.6319411309070277 
0.6318458479637233 
0.6317696145434228 
0.631712244443078 
0.631673546775642 
0.6316533262672851 
0.6316513835444106 
0.63166751541071 
0.6317015151144971 
0.6317531726065642 
0.631822274788796 
0.631908605753785 
0.6320119470156814 
0.6321320777325162 
0.6322687749202298 
0.632421813658637 
0.6325909672895571 
0.6327760076073338 
0.6329767050419678 
0.6331928288350792 
0.6334241472089158 
0.6336704275286171 
0.6339314364579427 
0.6342069401086662 
0.634496704183835 
0.6348004941150898 
0.6351180751942344 
0.6354492126992414 
0.6357936720148759 
0.636151218748114 
0.6365216188385285 
0.6369046386638118 
0.6373000451405962 
0.6377076058207368 
0.6381270889832058 
0.6385582637217542 
0.6390009000284848 
0.6394547688734792 
0.639919642280618 
0.6403952933997268 
0.6408814965751791 
0.6413780274110822 
0.6418846628331669 
0.6424011811475016 
0.6429273620961425 
0.6434629869098344 
0.6440078383578649 
0.6445617007951804 
0.6451243602068611 
0.6456956042500535 
0.6462752222934528 
0.6468630054544288 
0.6474587466338785 
0.6480622405488944 
0.6486732837633263 
0.6492916747163183 
0.649917213748895 
0.6505497031286718 
0.6511889470727591 
0.6518347517689292 
0.6524869253951115 
0.6531452781372797 
0.6538096222057923 
0.6544797718502452 
0.655155543372894 
0.6558367551406997 
0.6565232275960525 
0.6572147832662223 
0.6579112467715877 
0.658612444832689 
0.6593182062761511 
0.660028362039522 
0.6607427451750661 
0.6614611908525572 
0.6621835363611063 
0.6629096211100661 
0.6636392866290464 
0.6643723765670758 
0.6651087366909453 
0.6658482148827647 
0.6665906611367646 
0.6673359275553739 
0.6680838683446028 
0.6688343398087588 
0.669587200344524 
0.6703423104344187 
0.6710995326396787 
0.6718587315925689 
0.6726197739881586 
0.6733825285755795 
0.6741468661487903 
0.6749126595368683 
0.6756797835938485 
0.6764481151881304 
0.6772175331914716 
0.6779879184675867 
0.6787591538603698 
0.6795311241817574 
0.6803037161992487 
0.6810768186230993 
0.6818503220932048 
0.6826241191656883 
0.6833981042992071 
0.684172173840993 
0.6849462260126395 
0.6857201608956491 
0.6864938804167543 
0.6872672883330238 
0.6880402902167669 
0.6888127934402476 
0.6895847071602186 
0.690355942302288 
0.6911264115451287 
0.691896029304539 
0.6926647117173682 
0.6934323766253133 
0.6941989435585978 
0.6949643337195419 
0.6957284699660327 
0.6964912767949022 
0.6972526803252234 
0.6980126082815298 
0.698770989976969 
0.6995277562963959 
0.7002828396794138 
0.7010361741033713 
0.701787695066319 
0.7025373395699377 
0.7032850461024392 
0.7040307546214505 
0.7047744065368842 
0.7055159446938039 
0.7062553133552883 
0.706992458185301 
0.7077273262315696 
0.7084598659084828 
0.7091900269800062 
0.7099177605426259 
0.7106430190083216 
0.7113657560875762 
0.7120859267724245 
0.7128034873195468 
0.7135183952334109 
0.7142306092494671 
0.7149400893173996 
0.7156467965844384 
0.716350693378736 
0.7170517431928112 
0.7177499106670646 
0.7184451615733694 
0.7191374627987387 
0.7198267823290754 
0.7205130892330049 
0.721196353645796 
0.7218765467533701 
0.7225536407764042 
0.7232276089545282 
0.72389842553062 
0.7245660657352005 
0.7252305057709306 
0.725891722797213 
0.7265496949149004 
0.7272044011511116 
0.7278558214441595 
0.7285039366285897 
0.7291487284203347 
0.7297901737099945 
0.7304282448642639 
0.7310629100182157 
0.7316941333585252 
0.7323218753977313 
0.7329460932396358 
0.7335667408359537 
0.7341837692343347 
0.7347971268178783 
0.7354067595362797 
0.7360126111287385 
0.7366146233387775 
0.7372127361211134 
0.7378068878407339 
0.7383970154643312 
0.7389830547442502 
0.7395649403951073 
0.7401426062632426 
0.7407159854891638 
0.7412850106631467 
0.741849613974152 
0.7424097273522252 
0.7429652826045394 
0.7435162115452452 
0.7440624461192892 
0.7446039185203629 
0.7451405613031411 
0.7456723074899693 
0.7461990906721565 
0.7467208451060308 
0.7472375058039085 
0.7477490086201317 
0.7482552903323219 
0.7487562887179972 
0.7492519426266997 
0.7497421920477743 
0.7502269781739387 
0.7507062434607845 
0.751179931682342 
0.7516479879828423 
0.752110358924806 
0.7525669925335858 
0.7530178383384863 
0.7534628474105834 
0.7539019723973611 
0.7543351675542823 
0.7547623887734057 
0.7551835936091599 
0.7555987413013817 
0.7560077927957239 
0.756410710761534 
0.7568074596073033 
0.7571980054937842 
0.7575823163448678 
0.757960361856315 
0.7583321135024289 
0.7586975445407559 
0.7590566300148984 
0.7594093467555211 
0.7597556733796297 
0.7600955902881993 
0.7604290796622263 
0.7607561254572759 
0.7610767133965957 
0.7613908309628626 
0.7616984673886297 
0.7619996136455345 
0.7622942624323331 
0.7625824081618178 
0.7628640469466756 
0.7631391765843457 
0.763407796540927 
0.7636699079341907 
0.763925513515745 
0.7641746176524054 
0.7644172263068123 
0.7646533470173464 
0.764882988877382 
0.7651061625139233 
0.7653228800656631 
0.7655331551605047 
0.765737002892584 
0.7659344397988295 
0.7661254838350956 
0.7663101543519031 
0.7664884720698197 
0.7666604590545143 
0.7668261386915124 
0.7669855356606857 
0.7671386759105019 
0.7672855866320629 
0.7674262962329588 
0.7675608343109607 
0.7676892316275798 
0.7678115200815139 
0.7679277326820043 
0.7680379035221268 
0.7681420677520342 
0.7682402615521743 
0.7683325221064992 
0.7684188875756864 
0.7684993970703895 
0.7685740906245336 
0.7686430091686746 
0.768706194503435 
0.7687636892730342 
0.7688155369389245 
0.7688617817535491 
0.7689024687342344 
0.7689376436372278 
0.7689673529318953 
0.7689916437750883 
0.7690105639856917 
0.769024162019363 
0.7690324869434729 
0.7690355884122563 
0.7690335166421821 
0.7690263223875521 
0.7690140569163346 
0.7689967719862427 
0.7689745198210622 
0.768947353087238 
0.7689153248707234 
0.7688784886541004 
0.7688368982939743 
0.7687906079986505 
0.7687396723060959 
0.7686841460621914 
0.768624084399279 
0.7685595427150074 
0.7684905766514799 
0.7684172420747086 
0.7683395950543765 
0.768257691843912 
0.7681715888608773 
0.7680813426676731 
0.7679870099525622 
0.7678886475110128 
0.7677863122273644 
0.7676800610568157 
0.7675699510077384 
0.7674560391243141 
0.7673383824694989 
0.7672170381083129 
0.7670920630914569 
0.7669635144392557 
0.7668314491259275 
0.76669592406418 
0.766556996090132 
0.7664147219485604 
0.7662691582784716 
0.7661203615989961 
0.7659683882956058 
0.7658132946066524 
0.7656551366102258 
0.7654939702113306 
0.7653298511293795 
0.7651628348860015 
0.7649929767931635 
0.7648203319416031 
0.7646449551895702 
0.7644669011518755 
0.764286224189244 
0.7641029783979701 
0.7639172175998735 
0.7637289953325508 
0.763538364839923 
0.7633453790630739 
0.7631500906313782 
0.7629525518539151 
0.7627528147111656 
0.7625509308469897 
0.7623469515608804 
0.7621409278004925 
0.7619329101544415 
0.7617229488453703 
0.7615110937232799 
0.7612973942591214 
0.7610818995386455 
0.7608646582565058 
0.7606457187106135 
0.7604251287967381 
0.7602029360033533 
0.7599791874067221 
0.7597539296662185 
0.7595272090198826 
0.7592990712802054 
0.7590695618301382 
0.7588387256193257 
0.7586066071605563 
0.7583732505264277 
0.7581386993462241 
0.7579029968030007 
0.757666185630871 
0.7574283081124961 
0.7571894060767689 
0.7569495208966918 
0.7567086934874434 
0.7564669643046307 
0.7562243733427229 
0.7559809601336636 
0.7557367637456573 
0.7554918227821272 
0.7552461753808395 
0.7549998592131921 
0.7547529114836632 
0.7545053689294164 
0.754257267820059 
0.7540086439575493 
0.7537595326762506 
0.7535099688431275 
0.7532599868580807 
0.7530096206544188 
0.7527589037401791 
0.7525078692365609 
0.7522565499135863 
0.7520049782231036 
0.7517531863292453 
0.7515012061364483 
0.7512490693151457 
0.7509968073252302 
0.7507444514373941 
0.7504920327524417 
0.7502395822186716 
0.7499871306474213 
0.7497347087268651 
0.749482347034153 
0.7492300760459758 
0.7489779261476401 
0.7487259276407318 
0.7484741107494461 
0.7482225056256611 
0.7479711423528238 
0.7477200509487222 
0.7474692613672089 
0.7472188034989429 
0.7469687071712109 
0.7467190021468912 
0.7464697181226165 
0.7462208847261924 
0.7459725315133261 
0.7457246879637172 
0.7454773834765593 
0.7452306473655024 
0.7449845088531188 
0.7447389970649204 
0.7444941410229652 
0.7442499696390968 
0.7440065117078531 
0.7437637958990816 
0.7435218507502962 
0.7432807046588094 
0.7430403858736703 
0.7428009224874403 
0.7425623424278343 
0.7423246734492535 
0.742087943124239 
0.7418521788348668 
0.74161740776411 
0.7413836568871891 
0.7411509529629311 
0.7409193225251572 
0.7406887918741172 
0.7404593870679873 
0.7402311339144491 
0.7400040579623626 
0.7397781844935495 
0.7395535385146986 
0.7393301447494062 
0.7391080276303619 
0.7388872112916927 
0.7386677195614719 
0.7384495759544046 
0.7382328036646958 
0.7380174255591103 
0.7378034641702303 
0.7375909416899167 
0.7373798799629798 
0.7371703004810654 
0.7369622243767582 
0.7367556724179087 
0.736550665002186 
0.7363472221518582 
0.7361453635088048 
0.735945108329761 
0.7357464754817967 
0.7355494834380304 
0.7353541502735786 
0.7351604936617422 
0.7349685308704277 
0.734778278758805 
0.7345897537741994 
0.7344029719492181 
0.7342179488991083 
0.7340346998193478 
0.7338532394834635 
0.7336735822410783 
0.7334957420161823 
0.7333197323056273 
0.733145566177841 
0.7329732562717585 
0.7328028147959686 
0.7326342535280713 
0.7324675838142428 
0.7323028165690063 
0.7321399622752035 
0.731979030984164 
0.7318200323160687 
0.7316629754605044 
0.7315078691772036 
0.7313547217969683 
0.7312035412227718 
0.7310543349310356 
0.7309071099730768 
0.7307618729767228 
0.730618630148087 
0.7304773872735049 
0.7303381497216225 
0.7302009224456363 
0.7300657099856782 
0.7299325164713423 
0.7298013456243488 
0.7296722007613425 
0.7295450847968185 
0.7294200002461738 
0.7292969492288804 
0.7291759334717735 
0.729056954312453 
0.7289400127027941 
0.7288251092125608 
0.7287122440331215 
0.7286014169812594 
0.7284926275030764 
0.7283858746779858 
0.7282811572227881 
0.72817847349583 
0.7280778215012385 
0.7279791988932295 
0.727882602980486 
0.7277880307306022 
0.72769547877459 
0.7276049434114452 
0.7275164206127687 
0.7274299060274397 
0.7273453949863388 
0.7272628825071149 
0.7271823632989964 
0.72710383176764 
0.7270272820200161 
0.7269527078693273 
0.7268801028399567 
0.7268094601724433 
0.7267407728284813 
0.7266740334959413 
0.7266092345939097 
0.726546368277744 
0.7264854264441417 
0.7264264007362197 
0.7263692825486014 
0.726314063032511 
0.7262607331008695 
