0.0 
0.0035 
0.0069825 
0.010447587500000001 
0.013895349562500001 
0.0173258728146875 
0.020739243450614064 
0.024135547233360994 
0.02751486949719419 
0.030877295149708217 
0.034222908673959676 
0.03755179413058988 
0.04086403515993693 
0.04415971498413725 
0.04743891640921656 
0.050701721827170476 
0.05394821321803463 
0.05717847215194445 
0.06039257979118473 
0.06359061689222881 
0.06677266380776767 
0.06993880048872883 
0.0730891064862852 
0.07622366095385377 
0.07934254264908451 
0.08244582993583909 
0.08553360078615989 
0.08860593278222909 
0.09166290311831794 
0.09470458860272635 
0.09773106565971272 
0.10074241033141415 
0.10373869827975708 
0.1067200047883583 
0.10968640476441652 
0.11263797274059444 
0.11557478287689146 
0.118496908962507 
0.12140442441769447 
0.124297402295606 
0.12717591528412797 
0.13004003570770734 
0.1328898355291688 
0.13572538635152295 
0.13854675941976533 
0.1413540256226665 
0.14414725549455315 
0.1469265192170804 
0.14969188662099497 
0.15244342718789 
0.15518121005195054 
0.15790530400169078 
0.16061577748168232 
0.16331269859427391 
0.16599613510130254 
0.16866615442579602 
0.17132282365366705 
0.1739662095353987 
0.17659637848772172 
0.17921339659528313 
0.1818173296123067 
0.18440824296424518 
0.18698620174942396 
0.18955127074067685 
0.19210351438697346 
0.19464299681503858 
0.1971697818309634 
0.19968393292180858 
0.20218551325719955 
0.20467458569091354 
0.20715121276245899 
0.2096154566986467 
0.21206737941515347 
0.2145070425180777 
0.2169345073054873 
0.21934983476895986 
0.22175308559511506 
0.22414432016713948 
0.22652359856630377 
0.22889098057347226 
0.2312465256706049 
0.2335902930422519 
0.23592234157704065 
0.23824272986915543 
0.24055151621980966 
0.2428487586387106 
0.24513451484551707 
0.24740884227128948 
0.24967179805993303 
0.2519234390696334 
0.2541638218742852 
0.2563930027649138 
0.25861103775108923 
0.2608179825623338 
0.26301389264952213 
0.2651988231862745 
0.26737282907034315 
0.26953596492499143 
0.27168828510036647 
0.2738298436748646 
0.2759606944564903 
0.27808089098420785 
0.2801904865292868 
0.28228953409664037 
0.2843780864261572 
0.2864561959940264 
0.2885239150140563 
0.290581295438986 
0.29262838896179105 
0.2946652470169821 
0.2966919207818972 
0.2987084611779877 
0.3007149188720978 
0.30271134427773727 
0.3046977875563486 
0.3066742986185668 
0.308640927125474 
0.31059772248984663 
0.3125447338773974 
0.3144820102080104 
0.3164096001569704 
0.3183275521561855 
0.3202359143954046 
0.3221347348234276 
0.3240240611493104 
0.3259039408435639 
0.3277744211393461 
0.32963554903364933 
0.3314873712884811 
0.3333299344320387 
0.3351632847598785 
0.3369874683360791 
0.3388025309943987 
0.34060851833942674 
0.3424054757477296 
0.34419344836899096 
0.345972481127146 
0.3477426187215103 
0.34950390562790273 
0.35125638609976323 
0.3530001041692644 
0.3547351036484181 
0.356461428130176 
0.35817912098952515 
0.35988822538457754 
0.36158878425765467 
0.3632808403363664 
0.36496443613468454 
0.3666396139540111 
0.36830641588424107 
0.36996488380481984 
0.37161505938579575 
0.37325698408886676 
0.37489069916842244 
0.37651624567258035 
0.3781336644442175 
0.3797429961219964 
0.3813442811413864 
0.3829375597356795 
0.3845228719370011 
0.3861002575773161 
0.3876697562894295 
0.38923140750798235 
0.39078525047044244 
0.39233132421809025 
0.3938696675969998 
0.3954003192590148 
0.3969233176627197 
0.3984387010744061 
0.39994650756903405 
0.40144677503118886 
0.40292379115603294 
0.4043777509502528 
0.40580884805175155 
0.40721727473846153 
0.40860322193710313 
0.40996687923188985 
0.41130843487318025 
0.41262807578607696 
0.4139259875789729 
0.41520235455204524 
0.41645735970569736 
0.4176911847489492 
0.41890401010777584 
0.4200960149333955 
0.42126737711050627 
0.4224182732654726 
0.4235488787744615 
0.42465936777152885 
0.42574991315665617 
0.42682068660373795 
0.42787185856852 
0.4289035982964891 
0.42991607383071434 
0.43090945201963987 
0.4318838985248304 
0.4328395778286685 
0.43377665324200515 
0.4346952869117627 
0.4355956398284916 
0.4364778718338804 
0.43734214162821966 
0.4381886067778197 
0.43901742372238295 
0.43982874778233116 
0.44062273316608686 
0.4413995329773104 
0.44215929922209257 
0.4429021828161025 
0.44362833359169174 
0.4443379003049547 
0.44503103064274524 
0.4457078712296503 
0.44636856763492017 
0.4470132643793566 
0.44764210494215784 
0.4482552317677216 
0.4488527862724061 
0.4494349088512496 
0.45000173888464784 
0.45055341474499083 
0.4510900738032583 
0.4516118524355744 
0.4521188860297223 
0.4526113089916178 
0.4530892547517436 
0.45355285577154336 
0.45400224354977636 
0.45443754862883273 
0.4548589006010098 
0.4552664281147494 
0.4556602588808365 
0.4560405196785599 
0.45640733636183406 
0.4567608338652835 
0.4571011362102894 
0.4574283665109986 
0.4577426469802955 
0.4580440989357366 
0.45833284280544884 
0.45860899813399053 
0.4588726835881767 
0.4591240169628676 
0.4593631151867219 
0.4595900943279136 
0.4598050695998137 
0.46000815536663664 
0.4601994651490513 
0.4603791116297577 
0.46054720665902826 
0.4607038612602154 
0.4608491856352242 
0.4609832891699514 
0.46110628043969043 
0.4612182672145028 
0.46131935646455613 
0.4614096543654285 
0.46148926630338055 
0.46155829688059397 
0.46161684992037766 
0.4616650284723415 
0.46170293481753766 
0.4617306704735701 
0.4617483361996717 
0.46175603200175047 
0.46175385713740347 
0.4617419101208999 
0.4617202887281329 
0.4616890900015406 
0.46164841025499603 
0.46159834507866687 
0.46153898934384463 
0.4614704372077436 
0.46139278211827 
0.46130611681876094 
0.461210533352694 
0.4611061230683673 
0.46099297662355004 
0.46087118399010424 
0.4607408344585773 
0.46060201664276584 
0.46045481848425107 
0.46029932725690537 
0.460135629571371 
0.4599638113795106 
0.4597839579788295 
0.4595961540168707 
0.45940048349558205 
0.45919702977565585 
0.45898587558084153 
0.45876710300223095 
0.458540793502517 
0.4583070279202251 
0.45806588647391855 
0.45781744876637703 
0.4575617937887491 
0.4572989999246783 
0.4570291449544035 
0.4567523060588333 
0.45646855982359497 
0.45617798224305756 
0.45588064872432993 
0.4555766340912335 
0.4552660125882499 
0.45494885788444384 
0.45462524307736113 
0.4542952406969022 
0.4539589227091709 
0.45361636052029947 
0.45326762498024903 
0.4529127863865861 
0.4525519144882353 
0.4521850784892083 
0.4518123470523094 
0.4514337883028172 
0.45104946983214367 
0.4506594587014693 
0.45026382144535587 
0.44986262407533606 
0.4494559320834803 
0.4490438104459412 
0.4486263236264754 
0.44820353557994314 
0.4477755097557855 
0.44734230910148 
0.4469039960659736 
0.4464606326030947 
0.446012280174943 
0.4455589997552577 
0.44510085183276493 
0.4446378964145032 
0.44417019302912825 
0.4436978007301967 
0.4432207780994287 
0.44273918324995015 
0.4422530738295139 
0.4417625070237008 
0.44126753955910003 
0.44076822770646973 
0.4402646272838767 
0.439756793659817 
0.4392448526313158 
0.43872892848888306 
0.4382091440302058 
0.43768562057373167 
0.4371584779721461 
0.43662783462574184 
0.4360938074956838 
0.43555651211716806 
0.43501606261247683 
0.4344725717039302 
0.4339261507267349 
0.433376909641731 
0.4328249570480373 
0.4322704001955968 
0.43171334499762154 
0.4311538960429388 
0.430592156608239 
0.43002822867022594 
0.42946221291766984 
0.42889420876336465 
0.4283243143559895 
0.42775262659187535 
0.42717924112667777 
0.426604252386956 
0.42602775358165945 
0.42544983671352216 
0.4248705925903655 
0.42429011083631074 
0.42370847990290095 
0.423125787080134 
0.4225421185074063 
0.42195755918436906 
0.4213721929816965 
0.4207861026517675 
0.4201993698392613 
0.4196120750916671 
0.41902429786970935 
0.41843611655768836 
0.4178476084737373 
0.41725884987999634 
0.41666991599270403 
0.4160808809922071 
0.4154918180328889 
0.4149027992530174 
0.41431389578451255 
0.41372517776263523 
0.41313671433559623 
0.41254857367408765 
0.4119608229807363 
0.4113735284994801 
0.41078675552486804 
0.4102005684112836 
0.4096150305820934 
0.4090302045387207 
0.4084461518696442 
0.40786293325932405 
0.40728060849705344 
0.4066992364857384 
0.4061188752506052 
0.4055395819478358 
0.40496141287313286 
0.4043844234702137 
0.4038086683392344 
0.4032342012451445 
0.40266107512597243 
0.4020893421010431 
0.40151905347912653 
0.4009502597665201 
0.400383010675063 
0.3998173551300847 
0.3992533412782875 
0.39869101649556316 
0.3981304273947451 
0.39757161983329575 
0.3970146389209301 
0.3964595290271756 
0.39590633378886897 
0.39535509611759073 
0.3948058582070372 
0.394258661540331 
0.39371354689727084 
0.3931705543615197 
0.3926297233277335 
0.39209109250862956 
0.39155469994199593 
0.39102058299764153 
0.39048877838428814 
0.389959322156404 
0.3894322497209803 
0.38890759584424983 
0.38838539465834965 
0.38786567966792684 
0.3873484837566887 
0.38683383919389736 
0.38632177764080955 
0.38581233015706146 
0.38530552720699957 
0.38480139866595764 
0.38429997382648035 
0.38380128140449393 
0.38330534954542417 
0.3828122058302622 
0.3823218772815787 
0.38183439036948635 
0.3813497710175518 
0.38086804460865636 
0.3803892359908071 
0.3799133694828976 
0.37944046888041955 
0.378970557461125 
0.37850365799064023 
0.37803979272803095 
0.3775789834313196 
0.3771212513629552 
0.3766666172952357 
0.3762151015156836 
0.3757667238323751 
0.3753215035792228 
0.3748794596212129 
0.3744406103595968 
0.3740049737370375 
0.3735725672427113 
0.3731434079173651 
0.37271751235832956 
0.37229489672448857 
0.3718755767412051 
0.3714595677052042 
0.3710468844894135 
0.37063754154776024 
0.37023155291992765 
0.36982893223606855 
0.36942969272147763 
0.3690338472012231 
0.368641408104737 
0.3682523874703652 
0.36786679694987734 
0.36748464781293666 
0.36710595095153065 
0.3667307168843619 
0.3663589557612004 
0.36599067736719737 
0.36562589112715993 
0.3652646061097887 
0.3649068310318771 
0.36455257426247306 
0.3642018438270041 
0.363854647411365 
0.3635109923659691 
0.36317088570976364 
0.36283433413420807 
0.3625013440072179 
0.36217192137707205 
0.36184607197628565 
0.3615238012254476 
0.36120511423702345 
0.3608900158191244 
0.3605785104792415 
0.3602706024279466 
0.35996629558255944 
0.3596655935707814 
0.3593684997342964 
0.359075017132339 
0.3587851485452299 
0.35849889647787897 
0.3582162631632568 
0.35793725056583386 
0.35766186038498876 
0.3573900940583847 
0.35712195276531533 
0.3568574374300196 
0.35659654840602856 
0.35633928548579846 
0.35608564791023356 
0.3558356343781006 
0.35558924305533546 
0.35534647158424293 
0.35510731709259113 
0.3548717762026009 
0.35463984503983176 
0.3544115192419649 
0.35418679396748476 
0.35396566390425954 
0.3537481232780221 
0.35353416586075176 
0.3533237849789587 
0.3531169735218707 
0.3529137239495243 
0.35271402830076065 
0.35251787820112734 
0.35232526487068655 
0.3521361791317312 
0.3519506114164091 
0.351768551774257 
0.3515899898796444 
0.3514149150391287 
0.3512433161987222 
0.3510751819510719 
0.3509105005425531 
0.35074925988027733 
0.35059144753901533 
0.35043705076803694 
0.3502860564978671 
0.35013845134696014 
0.3499942216282924 
0.34985335335587425 
0.34971583225118236 
0.3495816437495127 
0.34945077300625554 
0.34932320490309243 
0.349198924054117 
0.3490779148118793 
0.34896016127335494 
0.34884564728584017 
0.3487343564527724 
0.3486262721394782 
0.348521377478849 
0.3484196553769445 
0.3483210885185264 
0.3482256593725204 
0.34813335019741015 
0.34804414304656117 
0.34795801977347757 
0.34787496203699075 
0.34779495130638155 
0.34771796886643624 
0.3476439958224371 
0.3475730131050882 
0.34750500147537694 
0.34743994152937235 
0.3473778137029602 
0.34731859827651634 
0.3472622753795178 
0.34720882499509365 
0.34715822696451504 
0.34711046099162557 
0.34706550664721275 
0.34702334337332064 
0.3469839504875047 
0.3469473071870294 
0.34691339255300885 
0.3468821855544915 
0.34685366505248905 
0.3468278098039502 
0.3468045984656806 
0.34678400959820804 
0.3467660216695947 
0.3467506130591968 
0.34673776206137163 
0.3467274468891331 
0.3467196456777559 
0.34671433648832944 
0.34671149731126094 
0.3467111060697298 
0.34671314062309233 
0.3467175787702379 
0.3467243982528973 
0.34673357675890354 
0.3467450919254052 
0.3467589213420338 
0.34677504255402447 
0.34679343306529176 
0.3468140703414596 
0.3468369318128472 
0.34686199487741043 
0.3468892369036397 
0.3469186352334147 
0.34695016718481614 
0.34698381005489526 
0.34701954112240163 
0.3470573376504694 
0.34709717688926267 
0.34713903607858015 
0.34718289245042017 
0.3472287232315054 
0.3472765056457689 
0.3473262169168011 
0.3473778342702585 
0.3474313349362341 
0.34748669615159106 
0.34754389516225803 
0.34760290922548887 
0.34766371561208526 
0.34772629160858387 
0.3477906145194076 
0.34785666166898205 
0.34792441040381655 
0.34799383809455176 
0.3480649221379725 
0.3481376399589872 
0.3482119690125741 
0.34828788678569456 
0.3483653707991739 
0.3484443986095499 
0.34852494781088966 
0.348606996036575 
0.34869052096105674 
0.34877550030157806 
0.3488619118198678 
0.3489497333238035 
0.34903894266904484 
0.34912951776063733 
0.3492214365545875 
0.34931467705940905 
0.3494092173376407 
0.34950503550733586 
0.34960210974352474 
0.3497004182796489 
0.34979993940896875 
0.3499006514859443 
0.35000253292758915 
0.3501055622147988 
0.35020971789365263 
0.3503149785766903 
0.3504213229441634 
0.35052872974526145 
0.35063717779931364 
0.3507466459969659 
0.35085711330133423 
0.35096855874913363 
0.351080961451784 
0.35119430059649265 
0.3513085554473134 
0.3514237053461835 
0.35153972971393804 
0.3516566080513017 
0.35177431993985914 
0.3518928450430033 
0.3520121631068625 
0.3521322539612067 
0.3522530975203321 
0.3523746737839261 
0.352496962837911 
0.3526199448552679 
0.3527436000968411 
0.3528679089121222 
0.3529928517400154 
0.35311840910958286 
0.3532445616407722 
0.35337129004512446 
0.35349857512646377 
0.3536263977830043 
0.3537547390094032 
0.3538835798987601 
0.3540129016445649 
0.35414268554259304 
0.354272912992751 
0.3544035655008706 
0.35453462468045455 
0.354666072254373 
0.3547978900565123 
0.35493006003337607 
0.35506256424564003 
0.35519538486966074 
0.355328504198939 
0.355461904645539 
0.3555955687414629 
0.35572947913998276 
0.35586361861692944 
0.35599797007193973 
0.35613251652966194 
0.35626724114092084 
0.3564021271838424 
0.356537158064939 
0.3566723173201559 
0.3568075886158791 
0.3569429557499054 
0.35707840265237606 
0.3572139133866727 
0.35734947215027807 
0.3574850632756011 
0.3576206712307669 
0.3577562806203727 
0.3578918761862095 
0.3580274428079511 
0.35816296550380994 
0.3582984294311606 
0.35843381988713197 
0.35856912230916815 
0.3587043222755584 
0.35883940550593707 
0.3589743578617539 
0.35910916534671505 
0.3592438141071952 
0.35937829043262176 
0.359512580755831 
0.359646671653397 
0.3597805498459337 
0.35991420219837067 
0.3600476157202025 
0.36018077756571315 
0.36031367503417505 
0.3604462955700235 
0.36057862676300695 
0.3607106563483132 
0.36084237220667265 
0.3609737623644383 
0.3611048149936432 
0.3612355184120358 
0.3613658610830935 
0.3614958316160147 
0.36162541876569027 
0.36175461143265397 
0.3618833986630128 
0.3620117696483574 
0.3621397137256533 
0.36226722037711256 
0.3623942792300471 
0.3625208800567031 
0.3626470127740779 
0.362772667443719 
0.3628978342715052 
0.36302250360741145 
0.36314666594525663 
0.3632703119224348 
0.36339343231963067 
0.36351601806051936 
0.3636380602114504 
0.363759549981117 
0.3638804787202103 
0.36400083792105936 
0.3641206192172566 
0.36423981438326963 
0.3643584153340395 
0.3644764141245654 
0.36459380294947646 
0.36471057414259106 
0.36482672017646306 
0.3649422336619164 
0.3650571073475677 
0.3651713341193367 
0.3652849069999462 
0.3653978191484099 
0.36551006385951007 
0.3656216345632642 
0.3657325248243815 
0.3658427283417092 
0.365952238947669 
0.3660610506076836 
0.3661691574195944 
0.3662765536130693 
0.3663832335490023 
0.3664891917189037 
0.3665944227442823 
0.3666989213760191 
0.36680268249373305 
0.36690570110513876 
0.3670079723453969 
0.36710949147645683 
0.3672102538863924 
0.3673102550887303 
0.3674094907217719 
0.3675079565479087 
0.36760564845293053 
0.36770256244532856 
0.3677986946555915 
0.36789404133549636 
0.3679885988573934 
0.3680823637134855 
0.36817533251510265 
0.36826750199197056 
0.3683588689914751 
0.3684494304779214 
0.3685391835317888 
0.3686281253489809 
0.3687162532400714 
0.3688035646295463 
0.36889005705504146 
0.36897572816657687 
0.3690605757257869 
0.36914459760514723 
0.3692277917871986 
0.36931015636376696 
0.3693916895351808 
0.36947238960948553 
0.3695522550016551 
0.369631284232801 
0.3697094759293786 
0.36978682882239133 
0.36986334174659263 
0.3699390136396855 
0.3700138435415205 
0.3700878305932915 
0.37016097403672993 
0.3702332732132975 
0.37030472756337734 
0.37037533662546357 
0.3704451000353499 
0.37051401752531715 
0.37058208892331945 
0.37064931415216984 
0.3707156932287248 
0.37078122626306825 
0.3708459134576951 
0.3709097551066939 
0.37097275159492954 
0.3710349033972255 
0.37109621107754587 
0.37115667528817725 
0.37121629676891094 
0.37127507634622486 
0.37133301493246607 
0.37139011352503315 
0.3714463732055593 
0.3715017951390957 
0.37155638057329565 
0.3716101308375991 
0.37166304734241795 
0.37171513157832237 
0.3717663851152277 
0.3718168096015825 
0.37186640676355104 
0.37191517840419097 
0.3719631264026256 
0.3720102527132119 
0.37205655936470416 
0.37210204845941325 
0.3721467221723623 
0.3721905827504384 
0.37223363251154157 
0.37227587384372957 
0.37231730920436074 
0.37235794111923354 
0.3723977721817239 
0.37243680505192 
0.37247504245575547 
0.3725124871841401 
0.37254914209208945 
0.37258501009785283 
0.37262009418203984 
0.37265439738674616 
0.3726879228146783 
0.3727206736282776 
0.372752653048844 
0.3727838643556591 
0.3728143108851093 
0.37284399602980917 
0.3728729232377244 
0.3729010960112958 
0.37292851790656306 
0.37295519253229004 
0.37298112354909013 
0.373006314668553 
0.3730307696523723 
0.37305449231147464 
0.3730774865051501 
0.37309975614018415 
0.37312130516999115 
0.3731421375937499 
0.37316225745554116 
0.37318166884348675 
0.37320037588889143 
0.37321838276538677 
0.37323569368807746 
0.3732523129126903 
0.3732682447347256 
0.3732834934886117 
0.3732980635468619 
0.37331195931923494 
0.37332518525189784 
0.3733377458265926 
0.3733496455598059 
0.37336088900194175 
0.3733714807364985 
0.3733814253792486 
0.37339072757742237 
0.37339939200889527 
0.3734074233813794 
0.37341482643161833 
0.37342160592458634 
0.37342776665269134 
0.37343331343498226 
0.3734382511163604 
0.3734425845667951 
0.3734463186805435 
0.37344945837537535 
0.37345200859180144 
0.3734539742923072 
0.3734553604605905 
0.37345617210080423 
0.3734564142368035 
0.37345609191139767 
0.37345521018560734 
0.37345377413792563 
0.37345178886358504 
0.3734492594738288 
0.3734461910951873 
0.3734425888687598 
0.373438457949501 
0.37343380350551253 
0.3734286307173402 
0.3734229447772759 
0.3734167508886648 
0.3734100542652183 
0.37340286013033164 
0.37339517371640735 
0.37338700026418364 
0.3733783450220686 
0.37336921324547967 
0.37335961019618824 
0.3733495411416703 
0.3733390113544622 
0.37332802611152205 
0.37331659069359663 
0.37330471038459395 
0.37329239047096124 
0.37327963624106875 
0.3732664529845989 
0.3732528459919413 
0.3732388205535934 
0.37322438195956664 
0.3732095354987983 
0.3731942864585693 
0.37317864012392715 
0.3731626017771154 
0.37314617669700806 
0.3731293701585499 
0.37311218743220287 
0.3730946337833978 
0.37307671447199203 
0.3730584347517328 
0.37303979986972613 
0.3730208150659119 
0.37300148557254414 
0.37298181661367746 
0.3729618134046589 
0.37294148115162584 
0.37292082505100943 
0.3728998502890437 
0.3728785620412805 
0.3728569654721102 
0.37283506573428804 
0.37281286796846597 
0.37279037730273057 
0.3727675988521465 
0.37274453771830546 
0.37272119898888095 
0.37269758773718886 
0.37267370902175334 
0.37264956788587855 
0.372625169357226 
0.3726005184473975 
0.37257562015152357 
0.37255047944785763 
0.37252510129737565 
0.37249949064338134 
0.37247365241111685 
0.37244759150737905 
0.3724213128201414 
0.372394821218181 
0.37236812155071153 
0.37234121864702113 
0.3723141173161162 
0.37228682234637034 
0.37225933850517867 
0.37223167053861755 
0.3722038231711099 
0.3721758011050953 
0.37214760902070587 
0.3721192515754474 
0.3720907334038854 
