0.0 
0.0035 
0.0069825 
0.010447587500000001 
0.013895349562500001 
0.0173258728146875 
0.020739243450614064 
0.024135547233360994 
0.02751486949719419 
0.030877295149708217 
0.034222908673959676 
0.03755179413058988 
0.04086403515993693 
0.04415971498413725 
0.04743891640921656 
0.050701721827170476 
0.05394821321803463 
0.05717847215194445 
0.06039257979118473 
0.06359061689222881 
0.06677266380776767 
0.06993880048872883 
0.0730891064862852 
0.07622366095385377 
0.07934254264908451 
0.08244582993583909 
0.08553360078615989 
0.08860593278222909 
0.09166290311831794 
0.09470458860272635 
0.09773106565971272 
0.10074241033141415 
0.10373869827975708 
0.1067200047883583 
0.10968640476441652 
0.11263797274059444 
0.11557478287689146 
0.118496908962507 
0.12140442441769447 
0.124297402295606 
0.12717591528412797 
0.13004003570770734 
0.1328898355291688 
0.13572538635152295 
0.13854675941976533 
0.1413540256226665 
0.14414725549455315 
0.1469265192170804 
0.14969188662099497 
0.15244342718789 
0.15518121005195054 
0.15790530400169078 
0.16061577748168232 
0.16331269859427391 
0.16599613510130254 
0.16866615442579602 
0.17132282365366705 
0.1739662095353987 
0.17659637848772172 
0.17921339659528313 
0.1818173296123067 
0.18440824296424518 
0.18698620174942396 
0.18955127074067685 
0.19210351438697346 
0.19464299681503858 
0.1971697818309634 
0.19968393292180858 
0.20218551325719955 
0.20467458569091354 
0.20715121276245899 
0.2096154566986467 
0.21206737941515347 
0.2145070425180777 
0.2169345073054873 
0.21934983476895986 
0.22175308559511506 
0.22414432016713948 
0.22652359856630377 
0.22889098057347226 
0.2312465256706049 
0.2335902930422519 
0.23592234157704065 
0.23824272986915543 
0.24055151621980966 
0.2428487586387106 
0.24513451484551707 
0.24740884227128948 
0.24967179805993303 
0.2519234390696334 
0.2541638218742852 
0.2563930027649138 
0.25861103775108923 
0.2608179825623338 
0.26301389264952213 
0.2651988231862745 
0.26737282907034315 
0.26953596492499143 
0.27168828510036647 
0.2738298436748646 
0.2759606944564903 
0.27808089098420785 
0.2801904865292868 
0.28228953409664037 
0.2843780864261572 
0.2864561959940264 
0.2885239150140563 
0.290581295438986 
0.29262838896179105 
0.2946652470169821 
0.2966919207818972 
0.2987084611779877 
0.3007149188720978 
0.30271134427773727 
0.3046977875563486 
0.3066742986185668 
0.308640927125474 
0.31059772248984663 
0.3125447338773974 
0.3144820102080104 
0.3164096001569704 
0.3183275521561855 
0.3202359143954046 
0.3221347348234276 
0.3240240611493104 
0.3259039408435639 
0.3277744211393461 
0.32963554903364933 
0.3314873712884811 
0.3333299344320387 
0.3351632847598785 
0.3369874683360791 
0.3388025309943987 
0.34060851833942674 
0.3424054757477296 
0.34419344836899096 
0.345972481127146 
0.3477426187215103 
0.34950390562790273 
0.35125638609976323 
0.3530001041692644 
0.3547351036484181 
0.356461428130176 
0.35817912098952515 
0.35988822538457754 
0.36158878425765467 
0.3632808403363664 
0.36496443613468454 
0.3666396139540111 
0.36830641588424107 
0.36996488380481984 
0.37161505938579575 
0.37325698408886676 
0.37489069916842244 
0.37651624567258035 
0.3781336644442175 
0.3797429961219964 
0.3813442811413864 
0.3829375597356795 
0.3845228719370011 
0.3861002575773161 
0.3876697562894295 
0.38923140750798235 
0.39078525047044244 
0.39233132421809025 
0.3938696675969998 
0.3954003192590148 
0.3969233176627197 
0.3984387010744061 
0.39994650756903405 
0.40144677503118886 
0.40293604115603293 
0.40441437845025274 
0.4058818589705015 
0.4073385543260865 
0.4087845356816414 
0.4102198737597826 
0.4116446388437503 
0.4130589007800344 
0.4144627289809845 
0.4158561924274056 
0.417239359671138 
0.4186122988376224 
0.41997507762845016 
0.4213277633238987 
0.422670422785452 
0.42400312245830674 
0.42532592837386324 
0.42663890615220273 
0.4279421210045495 
0.429235637735719 
0.43051952074655164 
0.4317938340363326 
0.43305864120519705 
0.434314005456522 
0.43555998959930353 
0.43679665605052087 
0.438024066837486 
0.43924228360018025 
0.4404513675935766 
0.441651379689949 
0.44284238038116785 
0.4440244297809823 
0.445197587627289 
0.4463619132843881 
0.4475174657452256 
0.4486643036336226 
0.44980248520649196 
0.4509320683560418 
0.452053110611966 
0.45316566914362205 
0.45426980076219625 
0.4553655619228561 
0.4564530087268903 
0.4575321969238361 
0.4586031819135943 
0.45966601874853175 
0.460720762135572 
0.46176746643827316 
0.4628061856788939 
0.4638369735404475 
0.46485988336874356 
0.46587496817441815 
0.4668822806349518 
0.4678818730966757 
0.46887379757676656 
0.4698581057652291 
0.4708348490268675 
0.47180407840324545 
0.47276584461463395 
0.4737201980619485 
0.4746671888286745 
0.4756068666827817 
0.4765392810786271 
0.477464481158847 
0.4783825157562377 
0.4792934333956255 
0.4801972822957256 
0.4810941103709898 
0.48198396523344395 
0.4828668941945143 
0.48374294426684306 
0.4846121621660937 
0.48547459431274514 
0.4863302868338759 
0.48717928556493756 
0.48802163605151777 
0.48885738355109304 
0.48968657303477126 
0.49050924918902394 
0.4913254564174082 
0.49213523884227894 
0.4929386403064905 
0.4937357043750889 
0.49452647433699365 
0.49531099320667 
0.49608930372579113 
0.4968614483648909 
0.4976274693250065 
0.49838740853931185 
0.499141307674741 
0.4998892081336024 
0.5006311510551833 
0.501367177317345 
0.5020973275381088 
0.5028216420772319 
0.5035401610377754 
0.5042529242676616 
0.5049599713612228 
0.5056613416607418 
0.5063570742579816 
0.5070472079957075 
0.5077317814691996 
0.508410833027757 
0.5090844007761921 
0.5097525225763171 
0.5104152360484214 
0.5110725785727404 
0.5117245872909149 
0.5123712991074433 
0.5130127506911242 
0.5136489784764906 
0.5142800186652361 
0.5149059072276322 
0.5155266799039376 
0.5161423722057994 
0.516753019417645 
0.5173586565980669 
0.5179593185811991 
0.5185550399780852 
0.5191458551780378 
0.5197317983499914 
0.5203129034438461 
0.5208892041918034 
0.5214607341096951 
0.522027526498303 
0.5225896144446721 
0.5231470308234151 
0.5236998082980096 
0.5242479793220874 
0.5247915761407171 
0.5253306307916775 
0.5258651751067247 
0.5263952407128516 
0.5269208590335396 
0.5274420612900029 
0.5279588785024257 
0.5284713414911921 
0.5289794808781083 
0.529483327087618 
0.5299829103480107 
0.5304782606926223 
0.530969407961029 
0.5314563818002344 
0.5319392116658486 
0.5324179268232617 
0.532892556348809 
0.5333631291309303 
0.5338296738713216 
0.5342922190860808 
0.5347507931068456 
0.5352054240819256 
0.5356561399774271 
0.5361029685783716 
0.5365459374898072 
0.536985074137914 
0.5374204057711024 
0.5378519594611055 
0.5382797621040644 
0.538703840421607 
0.5391242209619217 
0.5395409301008227 
0.5399539940428106 
0.5403634388221261 
0.5407692903037974 
0.5411715741846814 
0.541570315994499 
0.5419655410968638 
0.542357274690305 
0.5427455418092845 
0.5431303673252068 
0.5435117794474248 
0.5438898061717374 
0.5442644752819082 
0.5446358143511726 
0.545003850743735 
0.5453686116162566 
0.5457301239193316 
0.546088414398955 
0.5464435095979792 
0.5467954358575619 
0.5471442193186029 
0.5474898859231723 
0.547832461415928 
0.5481719713455244 
0.5485084410660114 
0.5488418957382231 
0.5491723603311581 
0.5494998596233501 
0.5498244182042288 
0.5501460604754719 
0.550464810652348 
0.5507806927650499 
0.5510937306600194 
0.5514039480012628 
0.5517113682716572 
0.5520160147742484 
0.5523179106335397 
0.5526170787967719 
0.5529135420351945 
0.5532073229453286 
0.5534984439502207 
0.5537869273006887 
0.5540727950765579 
0.5543560691878907 
0.554636771376206 
0.5549149232156914 
0.5551905461144064 
0.5554636613154783 
0.555734289898289 
0.5560024527796539 
0.5562681707149935 
0.5565314642994956 
0.5567923539692713 
0.5570508600025011 
0.5573070025205751 
0.5575608014892237 
0.5578122767196421 
0.5580614478696055 
0.5583083344445786 
0.5585529557988153 
0.5587953311364524 
0.5590354795125957 
0.5592734198343977 
0.559509170862129 
0.5597427512102416 
0.5599741793484252 
0.5602034736026562 
0.5604306521562397 
0.5606557330508438 
0.5608787341875276 
0.5610996733277613 
0.5613185680944397 
0.5615354359728889 
0.5617502943118656 
0.5619631603245501 
0.5621740510895317 
0.5623829835517883 
0.5625899745236583 
0.5627950406858065 
0.562998198588183 
0.5631994646509753 
0.5633988551655543 
0.5635963862954138 
0.5637920740771029 
0.5639859344211524 
0.5641779831129952 
0.5643682358138791 
0.5645567080617749 
0.564743415272277 
0.5649283727394983 
0.5651115956369585 
0.5652930990184671 
0.5654728978189997 
0.5656510068555677 
0.5658274408280832 
0.566002214320217 
0.5661753418002511 
0.5663468376219248 
0.5665167160252759 
0.5666849911374747 
0.5668516769736538 
0.5670167874377303 
0.5671803363232243 
0.56734233731407 
0.5675028039854224 
0.5676617498044575 
0.5678191881311675 
0.5679751322191504 
0.568129595216394 
0.568282590166054 
0.568434130007228 
0.5685842275757227 
0.5687328956048163 
0.5688801467260161 
0.5690259934698096 
0.5691704482664122 
0.5693135234465073 
0.5694552312419838 
0.5695955837866664 
0.569734593117042 
0.5698722711729803 
0.5700086297984502 
0.5701436807422303 
0.5702774356586152 
0.5704099061081164 
0.5705411035581581 
0.5706710393837693 
0.5707997248682692 
0.5709271712039498 
0.571053389492752 
0.5711783907469382 
0.5713021858897597 
0.5714247857561191 
0.5715462010932288 
0.5716664425612644 
0.5717855207340135 
0.5719034460995199 
0.5720202290607244 
0.5721358799360986 
0.5722504089602773 
0.5723638262846843 
0.5724761419781541 
0.5725873660275504 
0.5726975083383792 
0.5728065787353973 
0.5729145869632178 
0.5730215426869105 
0.5731274554925979 
0.5732323348880473 
0.573336190303259 
0.5734390310910501 
0.5735408665276338 
0.5736417058131954 
0.5737415580724636 
0.573840432355278 
0.5739383376371529 
0.5740352828198362 
0.5741312767318657 
0.5742263281291203 
0.5743204456953679 
0.5744136380428091 
0.5745059137126176 
0.5745972811754761 
0.5746877488321089 
0.5747773250138105 
0.5748660179829703 
0.5749538359335944 
0.5750407869918224 
0.5751268792164417 
0.5752121205993975 
0.5752965190662997 
0.5753800824769254 
0.5754628186257187 
0.5755447352422863 
0.5756258399918902 
0.5757061404759363 
0.5757856442324597 
0.5758643587366071 
0.5759422914011149 
0.5760194495767841 
0.5760958405494527 
0.5761714715405337 
0.5762463497075492 
0.5763204821446603 
0.5763938758831932 
0.5764665378921611 
0.576538475078781 
0.5766096942889881 
0.5766802023079451 
0.5767500058605478 
0.5768191116119264 
0.5768875261679437 
0.5769552560756881 
0.5770223078239641 
0.5770886878437783 
0.5771544025088212 
0.577219458135946 
0.5772838609856429 
0.5773476172625105 
0.5774107331157224 
0.5774732146394915 
0.577535067873529 
0.5775962988035014 
0.5776569133614826 
0.5777169174264035 
0.5777763168244973 
0.5778351173297412 
0.5778933246642958 
0.5779509444989391 
0.5780079824534992 
0.5780644440972814 
0.5781203349494943 
0.5781756604796703 
0.5782304261080841 
0.5782846372061674 
0.5783382990969209 
0.5783914170553219 
0.5784439963087299 
0.578496042037288 
0.5785475593743219 
0.5785985534067353 
0.5786490291754021 
0.5786989916755558 
0.5787484458571756 
0.5787973966253691 
0.5788458488407531 
0.5788938073198296 
0.5789412768353609 
0.5789882621167395 
0.579034767850357 
0.5790807986799688 
0.5791263592070564 
0.5791714539911866 
0.5792160875503686 
0.5792602643614065 
0.579303988860251 
0.5793472654423472 
0.5793900984629792 
0.5794324922376134 
0.5794744510422378 
0.5795159791136989 
0.579557080650036 
0.5795977598108129 
0.579638020717447 
0.5796778674535352 
0.579717304065178 
0.5797563345613003 
0.5797949629139701 
0.5798331930587145 
0.5798710288948328 
0.5799084742857077 
0.5799455330591136 
0.5799822090075226 
0.5800185058884079 
0.5800544274245447 
0.580089977304309 
0.5801251591819736 
0.580159976678002 
0.5801944333793397 
0.5802285328397035 
0.5802622785798681 
0.5802956740879504 
0.5803287228196916 
0.5803614281987376 
0.5803937936169158 
0.580425822434511 
0.5804575179805382 
0.5804888835530136 
0.5805199224192233 
0.5805506378159897 
0.5805810329499361 
0.5806111109977488 
0.5806408751064368 
0.5806703283935906 
0.5806994739476372 
0.5807283148280946 
0.580756854065823 
0.5807850946632748 
0.580813039594742 
0.5808406918066021 
0.5808680542175619 
0.5808951297188985 
0.5809219211746991 
0.5809484314220996 
0.5809746632715194 
0.5810006195068954 
0.5810263028859144 
0.5810517161402429 
0.581076861975755 
0.5811017430727592 
0.5811263620862224 
0.5811507216459928 
0.5811748243570206 
0.5811986727995769 
0.581222269529471 
0.5812456170782655 
0.5812687179534904 
0.5812915746388547 
0.5813141895944565 
0.5813365652569914 
0.5813587040399595 
0.58138060833387 
0.5814022805064445 
0.5814237229028191 
0.5814449378457437 
0.581465927635781 
0.5814866945515026 
0.5815072408496843 
0.5815275687654998 
0.581547680512712 
0.5815675782838637 
0.5815872642504663 
0.5816067405631864 
0.5816260093520321 
0.5816450727265365 
0.5816639327759406 
0.5816825915693741 
0.5817010511560347 
0.5817193135653664 
0.5817373808072364 
0.5817552548721091 
0.581772937731221 
0.5817904313367517 
0.5818077376219954 
0.5818248585015302 
0.5818417958713854 
0.5818585516092086 
0.5818751275744307 
0.5818915256084295 
0.581907747534692 
0.5819237951589757 
0.5819396702694682 
0.5819553746369455 
0.5819709100149286 
0.5819862781398402 
0.582001480731158 
0.5820165194915686 
0.582031396107119 
0.5820461122473669 
0.5820606695655307 
0.5820750696986368 
0.5820893142676666 
0.5821034048777026 
0.5821173431180718 
0.5821311305624896 
0.5821447687692012 
0.5821582592811227 
0.5821716036259805 
0.5821848033164495 
0.5821978598502905 
0.5822107747104895 
0.5822235493653966 
0.582236185268862 
0.582248683860373 
0.582261046565188 
0.5822732747944699 
0.5822853699454188 
0.5822973334014027 
0.5823091665320878 
0.5823208706935668 
0.582332447228487 
0.5823438974661767 
0.5823552227227701 
0.5823664243013322 
0.5823775034919818 
0.5823884615720131 
0.582399299806017 
0.5824100194460012 
0.5824206217315088 
0.5824311078897355 
0.5824414791356474 
0.5824517366720956 
0.5824618816899316 
0.5824719153681205 
0.5824818388738535 
0.5824916533626597 
0.5825013599785167 
0.5825109598539598 
0.5825204541101912 
0.5825298438571866 
0.5825391301938034 
0.5825483142078849 
0.5825573969763658 
0.5825663795653758 
0.5825752630303428 
0.5825840484160941 
0.5825927367569583 
0.5826013290768648 
0.5826098263894431 
0.5826182296981216 
0.5826265399962243 
0.5826347582670678 
0.5826428854840568 
0.5826509226107794 
0.5826588706011002 
0.582666730399254 
0.5826745029399378 
0.5826821891484028 
0.582689789940544 
0.5826973062229909 
0.582704738893196 
0.582712088839523 
0.5827193569413341 
0.5827265440690771 
0.5827336510843703 
0.5827406788400882 
0.5827476281804453 
0.5827544999410801 
0.5827612949491371 
0.5827680140233492 
0.5827746579741188 
0.5827812276035982 
0.5827877237057694 
0.5827941470665231 
0.5828004984637369 
0.5828067786673531 
0.5828129884394551 
0.5828191285343438 
0.5828251996986133 
0.5828312026712255 
0.5828371381835836 
0.5828430069596066 
0.582848809715801 
0.5828545471613336 
0.5828602199981023 
0.5828658289208075 
0.5828713746170215 
0.5828768577672584 
0.5828822790450428 
0.5828876391169778 
0.5828929386428131 
0.582898178275511 
0.5829033586613138 
0.5829084804398085 
0.5829135442439926 
0.582918550700338 
0.5829235004288558 
0.5829283940431584 
0.5829332321505234 
0.5829380153519548 
0.582942744242245 
0.582947419410036 
0.5829520414378794 
0.5829566109022963 
0.5829611283738372 
0.5829655944171399 
0.5829700095909884 
0.5829743744483702 
0.5829786895365336 
0.5829829553970444 
0.5829871725658415 
0.5829913415732935 
0.5829954629442523 
0.5829995371981089 
0.5830035648488469 
0.5830075464050958 
0.5830114823701844 
0.5830153732421932 
0.5830192195140065 
0.5830230216733637 
0.5830267802029107 
0.5830304955802501 
0.5830341682779918 
0.5830377987638022 
0.5830413875004538 
0.5830449349458732 
0.5830484415531904 
0.5830519077707855 
0.5830553340423371 
0.5830587208068685 
0.5830620684987942 
0.5830653775479663 
0.5830686483797201 
0.5830718814149186 
0.5830750770699983 
0.5830782357570126 
0.583081357883676 
0.583084443853408 
0.5830874940653754 
0.5830905089145358 
0.5830934887916793 
0.5830964340834704 
0.58309934517249 
0.5831022224372755 
0.5831050662523626 
0.5831078769883248 
0.5831106550118138 
0.5831134006855987 
0.5831161143686053 
0.5831187964159551 
0.5831214471790032 
0.5831240670053769 
0.5831266562390133 
0.5831292152201962 
0.5831317442855937 
0.5831342437682943 
0.5831367139978436 
0.5831391553002799 
0.5831415679981701 
0.5831439524106445 
0.5831463088534323 
0.5831486376388957 
0.5831509390760643 
0.5831532134706691 
0.5831554611251759 
0.5831576823388189 
0.5831598774076333 
0.583162046624488 
0.5831641902791181 
0.583166308658157 
0.5831684020451676 
0.5831704707206741 
0.583172514962193 
0.583174535044264 
0.5831765312384801 
0.5831785038135185 
0.5831804530351699 
0.5831823791663681 
0.5831842824672198 
0.5831861631950334 
0.5831880216043477 
0.5831898579469605 
0.5831916724719569 
0.5831934654257368 
0.5831952370520429 
0.5831969875919882 
0.5831987172840829 
0.5832004263642611 
0.5832021150659077 
0.5832037836198846 
0.5832054322545567 
0.5832070611958177 
0.5832086706671158 
0.5832102608894789 
0.5832118320815396 
0.5832133844595598 
0.583214918237456 
0.5832164336268227 
0.5832179308369572 
0.5832194100748826 
0.5832208715453726 
0.5832223154509737 
0.5832237419920289 
0.5832251513667006 
0.5832265437709933 
0.5832279193987756 
0.5832292784418032 
0.5832306210897402 
0.5832319475301814 
0.5832332579486733 
0.5832345525287361 
0.5832358314518845 
0.5832370948976487 
0.5832383430435951 
0.5832395760653468 
0.583240794136604 
0.583241997429164 
0.5832431861129413 
0.5832443603559871 
0.583245520324509 
0.5832466661828902 
0.5832477980937087 
0.5832489162177561 
0.5832500207140565 
0.5832511117398851 
0.5832521894507864 
0.5832532540005925 
0.5832543055414411 
0.5832553442237933 
0.5832563701964514 
0.583257383606576 
0.5832583845997036 
0.5832593733197637 
0.5832603499090958 
0.583261314508466 
0.5832622672570835 
0.5832632082926177 
0.5832641377512136 
0.5832650557675083 
0.5832659624746475 
0.5832668580043001 
0.583267742486675 
0.5832686160505358 
0.5832694788232166 
0.5832703309306367 
0.5832711724973162 
0.5832720036463902 
0.5832728244996239 
0.5832736351774271 
0.5832744357988687 
0.5832752264816908 
0.5832760073423228 
0.5832767784958953 
0.5832775400562545 
0.5832782921359752 
0.5832790348463744 
0.5832797682975256 
0.5832804925982708 
0.5832812078562344 
0.5832819141778363 
0.5832826116683043 
0.5832833004316873 
0.5832839805708675 
0.5832846521875733 
0.5832853153823915 
0.5832859702547791 
0.5832866169030764 
0.5832872554245179 
0.5832878859152447 
0.5832885084703165 
0.5832891231837227 
0.583289730148394 
0.5832903294562142 
0.5832909211980308 
0.5832915054636668 
0.5832920823419313 
0.5832926519206306 
0.5832932142865791 
0.5832937695256096 
0.5832943177225846 
0.5832948589614058 
0.5832953933250254 
0.5832959208954561 
0.5832964417537807 
0.583296955980163 
0.583297463653857 
0.5832979648532176 
0.5832984596557094 
0.5832989481379168 
0.5832994303755539 
0.5832999064434732 
0.5833003764156756 
0.5833008403653192 
0.5833012983647288 
0.5833017504854047 
0.5833021967980317 
0.5833026373724884 
0.5833030722778552 
0.5833035015824235 
0.5833039253537046 
0.5833043436584372 
0.5833047565625971 
0.5833051641314043 
0.5833055664293324 
0.5833059635201158 
0.5833063554667581 
0.5833067423315407 
0.5833071241760296 
0.5833075010610841 
0.5833078730468642 
0.5833082401928381 
0.5833086025577905 
0.583308960199829 
0.5833093131763926 
0.5833096615442582 
0.5833100053595486 
0.583310344677739 
0.5833106795536647 
0.5833110100415277 
0.5833113361949042 
0.5833116580667507 
0.5833119757094115 
0.5833122891746254 
0.5833125985135321 
0.5833129037766789 
0.5833132050140272 
0.5833135022749592 
0.5833137956082841 
0.5833140850622445 
0.5833143706845226 
