15214280.5 
13943867.619999994 
12751676.499999985 
11634573.699999982 
10589487.21999998 
9613406.499999976 
8703382.419999972 
7856527.299999969 
7070014.899999971 
6341080.419999967 
5667020.499999967 
5045193.219999966 
4473018.099999966 
3947976.099999967 
3467609.6199999694 
3029522.4999999716 
2631380.0199999735 
2270908.8999999766 
1945897.2999999789 
1654194.819999981 
1393712.4999999825 
1162422.8199999847 
958359.6999999864 
779618.4999999878 
624356.0199999895 
490790.499999991 
377201.6199999924 
281930.49999999366 
203379.6999999948 
140013.2199999959 
90356.49999999683 
52996.41999999763 
26581.29999999845 
9820.899999999101 
1486.4199999996817 
162.50000000008757 
86.50000000005718 
42.500000000026596 
30.499999999995772 
30.499999999995772 
